47.136013 -65.834268
50.670891 -100.902613
52.950000 -91.333333
46.617027 -65.964206
46.936300 -67.426145
50.182559 -108.202381
46.269929 -81.883761
52.961543 -87.298289
43.735176 -65.980349
45.700005 -71.461359
52.570642 -102.873843
53.448261 -105.240123
64.190371 -114.184102
45.971841 -66.590170
53.008155 -105.143690
42.992158 -79.248256
43.004923 -79.481912
43.532206 -80.765780
49.478777 -112.785344
46.453829 -63.999530
44.865022 -63.616475
43.780332 -80.543845
53.085974 -121.624418
50.040578 -99.333642
45.456044 -66.341622
44.886787 -66.949815
50.326767 -101.520255
55.152666 -119.147889
53.049214 -78.713873
47.902586 -73.786343
46.865246 -71.359042
45.572749 -75.127573
45.656452 -63.549107
45.800000 -74.366667
45.854657 -74.445472
44.483530 -64.627564
49.149432 -53.551344
45.518365 -61.081642
54.748320 -113.564103
48.603244 -58.957680
45.724454 -61.265204
45.702635 -61.161094
51.490316 -103.682123
46.544131 -64.950267
45.234639 -72.610533
44.416667 -64.733333
44.491658 -63.875221
46.442793 -67.613276
45.116667 -78.600000
45.116667 -63.583333
49.863612 -119.564458
42.603779 -81.606653
43.586796 -80.482375
44.441302 -64.578571
44.474723 -63.651237
44.687523 -63.312650
43.672782 -65.798129
45.339948 -65.555752
45.450000 -62.916667
45.645912 -64.844517
45.108433 -63.308165
51.592956 -56.707614
50.027735 -97.105364
49.328625 -123.160198
49.831365 -119.628193
50.130164 -98.582138
49.170418 -118.975194
34.181194 -118.448130
45.472421 -71.620757
45.618375 -63.664804
45.866667 -64.366667
47.883333 -53.083333
44.531403 -64.314502
52.957970 -113.999669
48.866749 -123.700599
54.152156 -113.851419
45.819764 -76.890234
46.143695 -60.223634
45.485719 -73.595699
46.283333 -67.766667
44.686359 -63.541416
49.785143 -56.636762
44.261741 -66.354737
44.677676 -76.399666
45.560601 -62.711180
50.472300 -119.773993
34.058653 -118.443135
52.969535 -113.377245
54.430212 -105.801312
49.663284 -103.853291
44.405769 -65.994040
62.242523 -92.601676
50.105079 -125.043559
63.143964 -117.269342
33.921101 -118.308657
46.018029 -65.163706
54.035117 -109.475706
54.763471 -113.549362
50.116320 -122.957356
47.418354 -53.532743
43.897545 -78.942933
50.875930 -108.221190
50.440133 -104.356697
53.452785 -104.088748
54.784450 -113.554715
44.630058 -66.710311
44.633333 -66.716667
45.302781 -76.523785
46.796678 -65.782120
48.593953 -85.274809
49.025309 -122.802962
51.867428 -106.689596
54.142404 -115.684981
39.322257 -123.116452
46.112608 -81.729835
46.377998 -81.316462
60.721187 -135.056845
56.107880 -118.078671
49.948792 -95.945791
47.680827 -67.269645
45.863196 -66.059517
44.533823 -63.755497
45.884170 -65.433156
49.821381 -95.481629
43.887356 -79.162038
47.686461 -53.484056
50.329875 -102.266628
46.965405 -65.726650
36.578499 -118.292260
45.975101 -61.121581
44.400000 -64.466667
44.741973 -81.140834
45.644954 -66.072480
45.761071 -72.497803
46.483333 -67.600000
55.362223 -115.030671
46.050499 -67.092742
45.803647 -81.721490
45.036788 -78.222647
50.097934 -104.722536
49.673997 -54.791112
53.609965 -115.235548
44.366667 -64.550000
42.728013 -82.364935
52.409363 -108.703677
52.558516 -55.766665
52.141674 -122.141688
46.335995 -66.780523
44.974927 -75.243716
44.377956 -80.871458
46.399730 -67.715169
46.926039 -65.708984
45.146672 -74.579565
44.521709 -63.641486
53.828723 -112.117985
44.311097 -79.421905
49.391729 -105.637532
45.336807 -65.813897
54.075643 -122.474036
51.205107 -102.799722
44.956411 -65.021310
46.363887 -67.715729
43.400058 -80.649889
45.512488 -77.559562
44.932912 -66.939586
42.995863 -80.317944
49.395067 -57.607907
51.865061 -113.594208
45.033372 -75.294227
33.706966 -117.084473
50.462525 -115.988646
45.166667 -79.550000
42.915791 -80.417688
44.789378 -63.642285
46.396674 -67.409283
44.990286 -64.131036
42.314937 -83.036363
45.569907 -72.006782
50.107018 -102.837084
52.963515 -114.412612
50.022124 -119.406251
43.887948 -81.311660
49.330060 -54.482097
49.180110 -97.938947
49.610414 -117.563463
50.506707 -96.975396
49.895136 -97.138374
51.649937 -99.926558
46.293863 -63.177608
50.524240 -128.028259
47.149149 -55.310096
47.954249 -53.330693
45.513212 -66.489740
51.310117 -107.651050
51.548220 -103.977154
47.282668 -52.832504
45.089098 -63.231379
45.373246 -70.864532
55.592325 -118.776114
44.175866 -76.398454
45.091760 -64.359835
46.328133 -72.423098
58.111111 -103.155556
50.424040 -103.276991
56.730259 -121.808989
49.370228 -106.383620
45.837050 -64.389007
43.776175 -79.609243
47.404834 -53.153021
43.309126 -81.328537
50.179955 -97.636756
46.178812 -66.766103
37.681441 -122.464285
45.371350 -66.232293
49.133680 -96.886289
49.281603 -96.148429
49.695269 -106.723957
50.181303 -98.777946
46.090960 -64.117364
46.109289 -67.577315
46.150266 -67.603395
49.965716 -55.882100
43.131497 -80.747165
43.315678 -79.871267
36.093564 -119.198998
44.157330 -77.700578
56.507923 -119.134100
33.809764 -118.124340
50.215414 -126.589391
53.842168 -112.455519
45.737819 -71.807095
49.523482 -112.172190
63.221472 -123.454781
43.864670 -81.149197
51.225887 -101.890795
46.020871 -66.034750
52.932377 -89.297990
44.695276 -79.884289
47.897614 -66.997390
44.653723 -79.926541
50.106108 -107.733901
49.180733 -116.555034
51.765230 -104.179200
42.948869 -82.118777
44.949813 -63.305570
49.086794 -116.088400
49.561062 -121.429172
46.283830 -72.830063
46.004936 -72.920385
46.005233 -72.906134
50.696411 -101.933005
44.371583 -76.770275
43.837458 -66.117382
52.749570 -105.248689
49.805721 -104.158545
50.458920 -104.618218
62.453972 -114.371789
49.284569 -117.218357
45.789585 -66.864209
49.060776 -58.379717
56.089130 -96.101153
43.988461 -79.470389
46.315980 -63.097506
43.988461 -79.470389
51.217448 -102.473933
48.866702 -124.200011
50.460767 -104.550728
45.950733 -65.938932
44.490345 -78.236007
51.528582 -111.205454
59.152347 -118.692777
46.053617 -66.935879
51.616117 -107.745143
49.981803 -126.845404
50.571791 -104.457503
53.064428 -103.758225
37.768085 -122.407350
49.284108 -96.510375
46.202841 -66.536576
37.182780 -118.259170